	masse A	
t	y	
0.000000E0	-3.460396E-1
3.333333E-2	-3.456964E-1
6.666667E-2	-3.455559E-1
1.000000E-1	-3.452790E-1
1.333333E-1	-3.452132E-1
1.666667E-1	-3.446819E-1
2.000000E-1	-3.444829E-1
2.333333E-1	-3.438052E-1
2.666667E-1	-3.430569E-1
3.000000E-1	-3.423009E-1
3.333333E-1	-3.421634E-1
3.666667E-1	-3.415176E-1
4.000000E-1	-3.406702E-1
4.333333E-1	-3.399275E-1
4.666667E-1	-3.392377E-1
5.000000E-1	-3.385506E-1
5.333333E-1	-3.383264E-1
5.666667E-1	-3.369695E-1
6.000000E-1	-3.361997E-1
6.333333E-1	-3.347718E-1
6.666667E-1	-3.339275E-1
7.000000E-1	-3.325305E-1
7.333333E-1	-3.310698E-1
7.666667E-1	-3.303085E-1
8.000000E-1	-3.288065E-1
8.333333E-1	-3.272661E-1
8.666667E-1	-3.257583E-1
9.000000E-1	-3.248344E-1
9.333333E-1	-3.228588E-1
9.666667E-1	-3.211816E-1
1.000000E0	-3.197946E-1
1.033333E0	-3.182094E-1
1.066667E0	-3.166232E-1
1.100000E0	-3.150518E-1
1.133333E0	-3.122757E-1
1.166667E0	-3.107360E-1
1.200000E0	-3.091660E-1
1.233333E0	-3.069560E-1
1.266667E0	-3.054112E-1
1.300000E0	-3.032513E-1
1.333333E0	-3.015470E-1
1.366667E0	-2.994252E-1
1.400000E0	-2.972532E-1
1.433333E0	-2.955109E-1
1.466667E0	-2.933621E-1
1.500000E0	-2.911324E-1
1.533333E0	-2.888070E-1
1.566667E0	-2.859737E-1
1.600000E0	-2.836879E-1
1.633333E0	-2.820568E-1
1.666667E0	-2.790984E-1
1.700000E0	-2.768719E-1
1.733333E0	-2.752881E-1
1.766667E0	-2.716724E-1
1.800000E0	-2.694301E-1
1.833333E0	-2.670381E-1
1.866667E0	-2.641515E-1
1.900000E0	-2.617876E-1
1.933333E0	-2.587663E-1
1.966667E0	-2.558389E-1
2.000000E0	-2.528569E-1
2.033333E0	-2.504942E-1
2.066667E0	-2.475325E-1
2.100000E0	-2.445533E-1
2.133333E0	-2.415272E-1
2.166667E0	-2.384817E-1
2.200000E0	-2.354878E-1
2.233333E0	-2.324368E-1
2.266667E0	-2.287285E-1
2.300000E0	-2.263445E-1
2.333333E0	-2.226104E-1
2.366667E0	-2.195324E-1
2.400000E0	-2.151930E-1
2.433333E0	-2.121067E-1
2.466667E0	-2.090155E-1
2.500000E0	-2.053023E-1
2.533333E0	-2.016380E-1
2.566667E0	-1.978489E-1
2.600000E0	-1.941222E-1
2.633333E0	-1.909961E-1
2.666667E0	-1.872432E-1
2.700000E0	-1.834307E-1
2.733333E0	-1.791016E-1
2.766667E0	-1.752686E-1
2.800000E0	-1.714742E-1
2.833333E0	-1.676033E-1
2.866667E0	-1.634830E-1
2.900000E0	-1.597820E-1
2.933333E0	-1.555598E-1
2.966667E0	-1.515886E-1
3.000000E0	-1.475858E-1
3.033333E0	-1.434105E-1
3.066667E0	-1.392238E-1
3.100000E0	-1.348407E-1
3.133333E0	-1.306451E-1
3.166667E0	-1.265109E-1
3.200000E0	-1.220078E-1
3.233333E0	-1.179835E-1
3.266667E0	-1.133635E-1
3.300000E0	-1.090133E-1
3.333333E0	-1.044871E-1
3.366667E0	-1.000573E-1
3.400000E0	-9.537657E-2
3.433333E0	-9.078164E-2
3.466667E0	-8.612095E-2
3.500000E0	-8.143033E-2
3.533333E0	-7.640677E-2
3.566667E0	-7.168061E-2
3.600000E0	-6.666454E-2
3.633333E0	-6.195725E-2
3.666667E0	-5.707868E-2
3.700000E0	-5.220423E-2
3.733333E0	-4.697127E-2
3.766667E0	-4.175010E-2
3.800000E0	-3.637896E-2
3.833333E0	-3.136647E-2
3.866667E0	-2.644512E-2
3.900000E0	-2.115733E-2
3.933333E0	-1.579073E-2
3.966667E0	-1.061057E-2
4.000000E0	-5.060353E-3
4.033333E0	-1.171631E-4
4.066667E0	5.402768E-3
4.100000E0	1.092011E-2
4.133333E0	1.607440E-2
4.166667E0	2.179314E-2
4.200000E0	2.726055E-2
4.233333E0	3.252020E-2
4.266667E0	3.825607E-2
4.300000E0	4.391256E-2
4.333333E0	4.930842E-2
4.366667E0	5.491138E-2
4.400000E0	6.053188E-2
4.433333E0	6.615971E-2
4.466667E0	7.109675E-2
4.500000E0	7.618660E-2
4.533333E0	8.138561E-2
4.566667E0	8.729684E-2
4.600000E0	9.173536E-2
4.633333E0	9.632491E-2
4.666667E0	1.007051E-1
4.700000E0	1.056306E-1
4.733333E0	1.106798E-1
4.766667E0	1.149294E-1
4.800000E0	1.193980E-1
4.833333E0	1.238205E-1
4.866667E0	1.281139E-1
4.900000E0	1.321078E-1
4.933333E0	1.366003E-1
4.966667E0	1.407159E-1
5.000000E0	1.439046E-1
5.033333E0	1.478876E-1
5.066667E0	1.517169E-1
5.100000E0	1.553223E-1
5.133333E0	1.594013E-1
5.166667E0	1.630712E-1
5.200000E0	1.662639E-1
5.233333E0	1.697411E-1
5.266667E0	1.728959E-1
5.300000E0	1.766568E-1
5.333333E0	1.794817E-1
5.366667E0	1.824049E-1
5.400000E0	1.853936E-1
5.433333E0	1.883456E-1
5.466667E0	1.914393E-1
5.500000E0	1.944097E-1
5.533333E0	1.975237E-1
5.566667E0	1.999822E-1
5.600000E0	2.030096E-1
5.633333E0	2.058172E-1
5.666667E0	2.085556E-1
5.700000E0	2.109046E-1
5.733333E0	2.135185E-1
5.766667E0	2.163471E-1
5.800000E0	2.186243E-1
5.833333E0	2.216762E-1
5.866667E0	2.249174E-1
5.900000E0	2.266340E-1
5.933333E0	2.291647E-1
5.966667E0	2.319014E-1
6.000000E0	2.344871E-1
6.033333E0	2.368587E-1
6.066667E0	2.397515E-1
6.100000E0	2.420284E-1
6.133333E0	2.448030E-1
6.166667E0	2.472363E-1
6.200000E0	2.494583E-1
6.233333E0	2.516524E-1
6.266667E0	2.541288E-1
6.300000E0	2.563350E-1
6.333333E0	2.588864E-1
6.366667E0	2.610320E-1
6.400000E0	2.631170E-1
