	masse A	
t	y	
0.000000E0	2.629542E-2
3.333333E-2	2.766931E-2
6.666667E-2	2.686817E-2
1.000000E-1	2.729760E-2
1.333333E-1	2.761988E-2
1.666667E-1	2.791853E-2
2.000000E-1	2.793166E-2
2.333333E-1	2.858803E-2
2.666667E-1	2.920364E-2
3.000000E-1	2.948794E-2
3.333333E-1	3.005692E-2
3.666667E-1	3.070716E-2
4.000000E-1	3.112009E-2
4.333333E-1	3.180536E-2
4.666667E-1	3.241693E-2
5.000000E-1	3.321024E-2
5.333333E-1	3.400034E-2
5.666667E-1	3.472953E-2
6.000000E-1	3.545829E-2
6.333333E-1	3.668052E-2
6.666667E-1	3.727458E-2
7.000000E-1	3.827698E-2
7.333333E-1	3.958975E-2
7.666667E-1	4.062902E-2
8.000000E-1	4.144896E-2
8.333333E-1	4.276480E-2
8.666667E-1	4.373395E-2
9.000000E-1	4.495551E-2
9.333333E-1	4.603838E-2
9.666667E-1	4.749269E-2
1.000000E0	4.883749E-2
1.033333E0	5.002570E-2
1.066667E0	5.166220E-2
1.100000E0	5.294493E-2
1.133333E0	5.452688E-2
1.166667E0	5.602116E-2
1.200000E0	5.753525E-2
1.233333E0	5.897547E-2
1.266667E0	6.041571E-2
1.300000E0	6.220923E-2
1.333333E0	6.376027E-2
1.366667E0	6.508786E-2
1.400000E0	6.642932E-2
1.433333E0	6.806005E-2
1.466667E0	6.977478E-2
1.500000E0	7.124318E-2
1.533333E0	7.285524E-2
1.566667E0	7.424564E-2
1.600000E0	7.598809E-2
1.633333E0	7.751274E-2
1.666667E0	7.909040E-2
1.700000E0	8.053160E-2
1.733333E0	8.199233E-2
1.766667E0	8.348462E-2
1.800000E0	8.503123E-2
1.833333E0	8.655166E-2
1.866667E0	8.815993E-2
1.900000E0	8.968740E-2
1.933333E0	9.122520E-2
1.966667E0	9.278975E-2
2.000000E0	9.425528E-2
2.033333E0	9.561957E-2
2.066667E0	9.722141E-2
2.100000E0	9.865721E-2
2.133333E0	1.002537E-1
2.166667E0	1.019838E-1
2.200000E0	1.035035E-1
2.233333E0	1.050197E-1
2.266667E0	1.065773E-1
2.300000E0	1.083065E-1
2.333333E0	1.097977E-1
2.366667E0	1.113803E-1
2.400000E0	1.129557E-1
2.433333E0	1.144076E-1
2.466667E0	1.159192E-1
2.500000E0	1.177006E-1
2.533333E0	1.190165E-1
2.566667E0	1.205348E-1
2.600000E0	1.221600E-1
2.633333E0	1.236144E-1
2.666667E0	1.251656E-1
2.700000E0	1.270758E-1
2.733333E0	1.283910E-1
2.766667E0	1.301741E-1
2.800000E0	1.316036E-1
2.833333E0	1.330243E-1
2.866667E0	1.348007E-1
2.900000E0	1.361340E-1
2.933333E0	1.377323E-1
2.966667E0	1.393016E-1
3.000000E0	1.405355E-1
3.033333E0	1.420302E-1
3.066667E0	1.435601E-1
3.100000E0	1.451968E-1
3.133333E0	1.466639E-1
3.166667E0	1.481767E-1
3.200000E0	1.496938E-1
3.233333E0	1.511593E-1
3.266667E0	1.526715E-1
3.300000E0	1.542565E-1
3.333333E0	1.555209E-1
3.366667E0	1.571098E-1
3.400000E0	1.585693E-1
3.433333E0	1.601153E-1
3.466667E0	1.614082E-1
3.500000E0	1.628418E-1
3.533333E0	1.641930E-1
3.566667E0	1.655184E-1
3.600000E0	1.670929E-1
3.633333E0	1.682681E-1
3.666667E0	1.697068E-1
3.700000E0	1.710733E-1
3.733333E0	1.724417E-1
3.766667E0	1.737186E-1
3.800000E0	1.750622E-1
3.833333E0	1.765396E-1
3.866667E0	1.776583E-1
3.900000E0	1.790528E-1
3.933333E0	1.804579E-1
3.966667E0	1.818182E-1
4.000000E0	1.830890E-1
4.033333E0	1.845873E-1
4.066667E0	1.860263E-1
4.100000E0	1.871949E-1
4.133333E0	1.887126E-1
4.166667E0	1.899981E-1
4.200000E0	1.913082E-1
4.233333E0	1.927075E-1
4.266667E0	1.939262E-1
4.300000E0	1.953897E-1
4.333333E0	1.966575E-1
4.366667E0	1.981304E-1
4.400000E0	1.996272E-1
4.433333E0	2.012397E-1
4.466667E0	2.026341E-1
4.500000E0	2.042112E-1
4.533333E0	2.058115E-1
4.566667E0	2.072257E-1
4.600000E0	2.087313E-1
4.633333E0	2.105482E-1
4.666667E0	2.118121E-1
4.700000E0	2.133169E-1
4.733333E0	2.149194E-1
4.766667E0	2.166034E-1
4.800000E0	2.179580E-1
4.833333E0	2.196273E-1
4.866667E0	2.208656E-1
4.900000E0	2.223765E-1
4.933333E0	2.240390E-1
4.966667E0	2.254746E-1
5.000000E0	2.268530E-1
5.033333E0	2.284943E-1
5.066667E0	2.296948E-1
5.100000E0	2.311786E-1
5.133333E0	2.325926E-1
5.166667E0	2.337190E-1
5.200000E0	2.353341E-1
5.233333E0	2.366134E-1
5.266667E0	2.381363E-1
5.300000E0	2.396850E-1
5.333333E0	2.409373E-1
5.366667E0	2.421514E-1
5.400000E0	2.437373E-1
5.433333E0	2.450965E-1
5.466667E0	2.465240E-1
5.500000E0	2.480630E-1
5.533333E0	2.496950E-1
5.566667E0	2.511039E-1
5.600000E0	2.524207E-1
5.633333E0	2.536002E-1
5.666667E0	2.550744E-1
5.700000E0	2.565440E-1
5.733333E0	2.579744E-1
5.766667E0	2.593198E-1
5.800000E0	2.607536E-1
5.833333E0	2.624279E-1
5.866667E0	2.638274E-1
5.900000E0	2.652563E-1
5.933333E0	2.669721E-1
5.966667E0	2.681682E-1
6.000000E0	2.700240E-1
6.033333E0	2.710721E-1
6.066667E0	2.731452E-1
6.100000E0	2.746989E-1
6.133333E0	2.757399E-1
6.166667E0	2.773169E-1
6.200000E0	2.787362E-1
6.233333E0	2.802802E-1
6.266667E0	2.817628E-1
6.300000E0	2.834890E-1
6.333333E0	2.849410E-1
6.366667E0	2.865309E-1
6.400000E0	2.880819E-1
6.433333E0	2.895174E-1
6.466667E0	2.912285E-1
6.500000E0	2.927968E-1
6.533333E0	2.942400E-1
6.566667E0	2.962481E-1
6.600000E0	2.976772E-1
6.633333E0	2.992673E-1
6.666667E0	3.010506E-1
6.700000E0	3.025928E-1
6.733333E0	3.041174E-1
6.766667E0	3.059526E-1
6.800000E0	3.074640E-1
6.833333E0	3.087093E-1
6.866667E0	3.101906E-1
6.900000E0	3.119399E-1
6.933333E0	3.133437E-1
6.966667E0	3.148487E-1
7.000000E0	3.167436E-1
7.033333E0	3.186414E-1
